224
152
18
160
33
120
155
143
27
215
229
32
147
246
174
241
118
25
255
226
157
237
203
56
210
166
210
69
182
221
155
94
124
47
9
26
34
212
138
120
73
157
85
62
79
227
154
80
91
69
161
131
105
183
201
37
181
155
27
106
79
6
205
249
11
119
197
86
235
174
105
213
92
120
68
95
172
177
77
38
254
234
11
42
95
66
49
140
173
55
215
62
125
140
104
82
46
71
71
71
1
51
154
61
175
25
211
104
179
36
33
214
4
23
28
1
102
55
135
64
186
122
143
122
46
85
105
91
111
162
88
92
60
129
234
216
81
17
186
15
241
40
3
190
196
132
107
128
119
226
